-- Decompiled from: ReplicatedStorage.Config.Shared.PresentSpawns
-- Class: ModuleScript
-- Place: Ugc (14104248348)

-- Decompiled with Potassium's decompiler.

return {
    CFrame.new(353.036987, -19.8718643, 352.073425, 0.995359063, -0.0958401412, 0.00866380613, 0.0962310359, 0.991316557, -0.0896135271, 0, 0.0900316834, 0.995935321),
    CFrame.new(470.078552, 12.4694061, 305.021332, -0.281312943, -0.201163307, 0.938297808, -0.0977579132, 0.978704929, 0.180517241, -0.954623878, -0.0409442224, -0.294987649),
    CFrame.new(417.873383, 7.26528931, 199.93898, 0, 0.0107416306, 0.999942303, 0, 0.999942362, -0.0107416306, -1, 0, 0),
    CFrame.new(357.541565, 6.79439545, 235.352371, 0, 0.0388896242, -0.999243379, -0.0856219083, 0.995574236, 0.0387467928, 0.99632746, 0.0855571479, 0.00332971336),
    CFrame.new(384.769409, 6.67931366, 108.785278, 0.28242144, 0.0331807844, 0.958716869, 0.00561136194, 0.999328256, -0.036239367, -0.959274113, 0.0156145608, 0.282044947),
    CFrame.new(384.186768, 6.87902451, 133.724335, 0, -0.0305971447, 0.999532163, -0.12300881, 0.991941869, 0.0303646792, -0.992405593, -0.122951247, -0.00376412272),
    CFrame.new(275.879639, 6.0900116, 193.990753, -0.679945648, 0, 0.733262539, 0, 1, 0, -0.733262539, 0, -0.679945648),
    CFrame.new(340.255219, 6.53580093, 302.703125, 1.00000024, 0, 0, 0, 0.998287857, 0.0584934279, 0, -0.0584934279, 0.998287857),
    CFrame.new(416.060699, 6.74625826, 250.977692, 0, 0, -1.00000024, 0, 1.00000024, 0, 1.00000048, 0, 0),
    CFrame.new(422.37561, 7.42635632, 209.899963, 0.999992847, 0.00390622113, 0, -0.00390622206, 0.999992609, 0, 0, 0, 1.00000024),
    CFrame.new(483.18808, 8.05661774, 205.587524, 0.977549672, 0.208976954, -0.0269691367, -0.210710123, 0.969509006, -0.125118196, 0, 0.127991796, 0.991775751),
    CFrame.new(276.563812, 5.82665634, 315.082001, -0.996989667, -0.0775629506, 0, -0.0775630474, 0.996988535, 0, 0, 0, -1),
    CFrame.new(234.960602, 7.30877399, 309.00531, 0.536028206, 0, 0.844200075, 0, 1, 0, -0.844200075, 0, 0.536028206),
    CFrame.new(278.293701, 15.9720106, 388.148651, -0.938781619, 0.0412784815, 0.342031717, 0.0186485574, 0.997429311, -0.0691907704, -0.344008356, -0.0585765988, -0.937138021),
    CFrame.new(263.293457, 6.36484623, 412.92334, 0.771156549, 0.0019531193, 0.636644423, -0.00150618597, 1, -0.00124344078, -0.636646867, 0, 0.77115649),
    CFrame.new(444.902985, 31.5300217, 390.110565, -0.000558969565, -0.429535747, -0.903050959, 0.00117516378, 0.903051317, -0.429535568, 1, -0.00130136625, 0),
    CFrame.new(420.269836, 29.2518158, 327.144348, -0.087185353, 0.00272107823, -0.996189356, -0.00936423056, 0.999952018, 0.00355094671, 0.996149004, 0.00963810645, -0.0871554986),
    CFrame.new(504.391327, 28.7257843, 663.893616, -0.461272925, -0.300164431, -0.834943593, -0.0842582658, 0.951605141, -0.29555434, 0.883249819, -0.0659804046, -0.464239955),
    CFrame.new(281.452972, 6.09003067, 152.304047, -0.750398755, 0, -0.66098541, 0, 1, 0, 0.66098541, 0, -0.750398755),
    CFrame.new(361.681702, 5.20175743, 289.656342, 0.682426691, -0.00170914247, 0.730952203, -0.0855820403, 0.992932618, 0.0822221935, -0.725927114, -0.118666939, 0.677457333)
};
